0.000 ,2166.037 ,5917.305 ,5709.954 ,6115.611 ,5721.919
2166.037 ,0.000 ,6095.525 ,5824.855 ,6244.951 ,5774.002
5917.305 ,6095.525 ,0.000 ,1216.951 ,1583.956 ,1836.512
5709.954 ,5824.855 ,1216.951 ,0.000 ,1412.856 ,1564.000
6115.611 ,6244.951 ,1583.956 ,1412.856 ,0.000 ,1305.577
5721.919 ,5774.002 ,1836.512 ,1564.000 ,1305.577 ,0.000
